000000000009
000000000025
000000000030
000000000034
000000000036
000000000049
000000000061
000000000064
000000000071
000000000072
000000000077
000000000078
000000000081
000000000086
000000000089
000000000092
000000000094
000000000109
000000000110
000000000113
000000000127
000000000138
000000000142
000000000144
000000000149
000000000151
000000000154
000000000165
000000000194
000000000201
000000000247
000000000260
000000000263
000000000307
000000000308
000000000309
000000000312
000000000315
000000000321
000000000322
000000000326
000000000332
000000000349
000000000368
000000000370
000000000382
000000000384
000000000389
000000000394
000000000404
000000000419
000000000431
000000000436
000000000438
000000000443
000000000446
000000000450
000000000471
000000000490
000000000491
000000000510
000000000514
000000000529
000000000531
000000000532
000000000540
000000000542
000000000560
000000000562
000000000572
000000000575
000000000581
000000000584
000000000595
000000000597
000000000605
000000000612
000000000620
000000000625
000000000629
000000000634
000000000643
000000000650
000000000656
000000000659
000000000670
000000000671
000000000673
000000000681
000000000684
000000000690
000000000706
000000000714
000000000716
000000000722
000000000723
000000000731
000000000735
000000000753
000000000754
000000000762
000000000781
000000000790
000000000795
000000000797
000000000801
000000000813
000000000821
000000000825
000000000828
000000000839
000000000853
000000000882
000000000897
000000000901
000000000902
000000000908
000000000909
000000000913
000000000925
000000000927
000000000934
000000000941
000000000943
000000000955
000000000960
000000000965
000000000977
000000000982
000000000984
000000000996
000000001006
000000001011
000000001014
000000001025
000000001036
000000001053
000000001059
000000001072
000000001084
000000001085
000000001090
000000001098
000000001099
000000001102
000000001107
000000001108
000000001122
000000001139
000000001144
000000001145
000000001155
000000001166
000000001168
000000001183
000000001200
000000001204
000000001213
000000001216
000000001224
000000001232
000000001237
000000001238
000000001261
000000001264
000000001271
000000001282
000000001295
000000001298
000000001306
000000001307
000000001308
000000001311
000000001315
000000001319
000000001323
000000001330
000000001332
000000001350
000000001355
000000001359
000000001360
000000001366
000000001375
000000001381
000000001386
000000001390
000000001392
000000001397
000000001401
000000001403
000000001407
000000001408
000000001424
000000001431
000000001451
000000001453
000000001455
000000001488
000000001496
000000001497
000000001501
000000001505
000000001507
000000001510
000000001515
000000001518
000000001522
000000001523
000000001526
000000001527
000000001536
000000001548
000000001558
000000001562
000000001569
000000001579
000000001580
000000001586
000000001589
000000001596
000000001611
000000001622
000000001625
000000001637
000000001639
000000001645
000000001670
000000001674
000000001681
000000001688
000000001697
000000001706
000000001709
000000001712
000000001720
000000001732
000000001737
000000001756
000000001762
000000001764
000000001771
000000001774
000000001777
000000001781
000000001785
000000001786
000000001790
000000001792
000000001804
000000001810
000000001811
000000001813
000000001815
000000001822
000000001837
000000001864
000000001875
000000001877
000000001888
000000001895
000000001900
000000001902
000000001906
000000001907
000000001911
000000001912
000000001915
000000001924
000000001926
000000001941
000000001942
000000001943
000000001947
000000001958
000000001966
000000001994
000000001999
000000002001
000000002007
000000002024
000000002055
000000002056
000000002066
000000002068
000000002072
000000002083
000000002089
000000002093
000000002106
000000002114
000000002135
000000002148
000000002150
000000002178
000000002184
000000002193
000000002197
000000002209
000000002211
000000002217
000000002229
000000002232
000000002244
000000002258
000000002270
000000002276
000000002278
000000002279
000000002280
000000002281
000000002283
000000002284
000000002296
000000002309
000000002337
000000002342
000000002347
000000002349
000000002369
000000002372
000000002374
000000002377
000000002389
000000002400
000000002402
000000002411
000000002415
000000002429
000000002444
000000002445
000000002446
000000002448
000000002451
000000002459
000000002466
000000002470
000000002471
000000002496
000000002498
000000002531
000000002536
000000002543
000000002544
000000002545
000000002555
000000002559
000000002560
000000002563
000000002567
000000002570
000000002575
000000002583
000000002585
000000002591
000000002602
000000002606
000000002608
000000002614
000000002618
000000002619
000000002623
000000002624
000000002639
000000002644
000000002645
000000002658
000000002664
000000002672
000000002686
000000002687
000000002691
000000002693
000000002697
000000002703
000000002732
000000002742
000000002752
000000002754
000000002755
000000002758
000000002770
000000002774
000000002776
000000002782
000000002823
000000002833
000000002842
000000002843
000000002849
000000002860
000000002886
000000002892
000000002896
000000002902
000000002907
000000002931
000000002951
000000002963
000000002964
000000002982
000000002983
000000002989
000000002992
000000002998
000000003000
000000003003
000000003008
000000003040
000000003048
000000003076
000000003077
000000003080
000000003118
000000003124
000000003131
000000003148
000000003157
000000003160
000000003178
000000003197
000000003219
000000003220
000000003224
000000003225
000000003234
000000003236
000000003242
000000003249
000000003259
000000003264
000000003270
000000003272
000000114886
000000114894
000000114898
000000114917
000000114925
000000114937
000000114940
000000114943
000000114945
000000114947
000000114954
000000114968
000000114978
000000114979
000000115003
000000115005
000000115014
000000115018
000000115028
000000115037
000000115042
000000115055
000000115056
000000115071
000000115080
000000115086
000000115087
000000115089
000000115102
000000115108
000000115113
000000115117
000000115119
000000115126
000000115132
000000115144
000000115145
000000115151
000000115156
000000115157
000000115158
000000115159
000000115169
000000115191
000000115197
000000115218
000000115226
000000115237
000000115251
000000115260
000000115270
000000115274
000000115275
000000115282
000000115291
000000115292
000000115296
000000115299
000000115305
000000115311
000000115316
000000115319
000000115328
000000115331
000000115342
000000115345
000000115355
000000115356
000000115358
000000115359
000000115365
000000115372
000000115374
000000115378
000000115384
000000115392
000000115400
000000115403
000000115404
000000115419
000000115421
000000115422
000000115442
000000115465
000000115481
000000115485
000000115502
000000115505
000000115506
000000115511
000000115515
000000115518
000000115519
000000115522
000000115524
000000115536
000000115544
000000115564
000000115569
000000115574
000000115590
000000115599
000000115604
000000115616
000000115619
000000115632
000000115633
000000115635
000000115637
000000115638
000000115639
000000115642
000000115643
000000115645
000000115649
000000115652
000000115660
000000115676
000000115681
000000115692
000000115707
000000115718
000000115719
000000115740
000000115741
000000115743
000000115763
000000115777
000000115804
000000115816
000000115829
000000115845
000000115851
000000115854
000000115862
000000115864
000000115887
000000115893
000000115902
000000115911
000000115917
000000115939
000000115942
000000115950
000000115954
000000115959
000000115967
000000115970
000000115973
000000115992
000000116003
000000116004
000000116005
000000116006
000000116010
000000116026
000000116031
000000116032
000000116040
000000116043
000000116048
000000116049
000000116064
000000116065
000000116074
000000116078
000000116088
000000116100
000000116123
000000116126
000000116131
000000116134
000000116141
000000116147
000000116155
000000116166
000000116171
000000116174
000000116181
000000116185
000000116186
000000116196
000000116204
000000116207
000000116210
000000116220
000000116223
000000116224
000000116229
000000116250
000000116268
000000116270
000000116272
000000116286
000000116312
000000116316
000000116326
000000116334
000000116336
000000116339
000000116352
000000116353
000000116356
000000116376
000000116380
000000116393
000000116396
000000116397
000000116398
000000116402
000000116423
000000116431
000000116444
000000116453
000000116462
000000116464
000000116480
000000116497
000000116502
000000116503
000000116511
000000116512
000000116518
000000116526
000000116557
000000116562
000000116570
000000116572
000000116577
000000116579
000000116588
000000116592
000000116601
000000116603
000000116607
000000116617
000000116618
000000116622
000000116625
000000116633
000000116650
000000116652
000000116656
000000116663
000000116675
000000116677
000000116694
000000116708
000000116717
000000116723
000000116725
000000116731
000000116732
000000116735
000000116737
000000116740
000000116741
000000116746
000000116755
000000116771
000000116783
000000123579
000000123582
000000123612
000000123614
000000123620
000000123643
000000123646
000000123647
000000123664
000000123674
000000123692
000000123694
000000123697
000000123699
000000123711
000000123719
000000123721
000000123722
000000123731
000000123739
000000123749
000000123751
000000123753
000000123757
000000123762
000000123764
000000123765
000000123766
000000123770
000000123776
000000123777
000000123788
000000123791
000000123797
000000123799
000000123800
000000123824
000000123831
000000123835
000000123837
000000123841
000000123848
000000123851
000000123855
000000123862
000000123878
000000123891
000000123892
000000123901
000000123907
000000123909
000000123914
000000123916
000000123920
000000123921
000000123923
000000123935
000000123938
000000123939
000000123944
000000123949
000000123967
000000123968
000000123970
000000123974
000000123975
000000123980
000000123995
000000124027
000000124028
000000124030
000000124033
000000124052
000000124055
000000124057
000000124067
000000124069
000000124101
000000124106
000000124117
000000124122
000000124124
000000124132
000000124133
000000124141
000000124142
000000124152
000000124167
000000124169
000000124174
000000124178
000000124182
000000124188
000000124190
000000124197
000000124202
000000124224
000000124230
000000124235
000000124266
000000124280
000000124291
000000124306
000000124311
000000124316
000000124325
000000124331
000000124347
000000124349
000000124360
000000124364
000000124365
000000124367
000000124383
000000124394
000000124397
000000124408
000000124419
000000124428
000000124456
000000124466
000000124471
000000124473
000000124477
000000124501
000000124516
000000124525
000000124532
000000124562
000000124567
000000124569
000000124571
000000124577
000000124578
000000124580
000000124591
000000124593
000000124606
000000124609
000000124615
000000124622
000000124643
000000124652
000000124663
000000124694
000000124703
000000124709
000000124711
000000124715
000000124718
000000124723
000000124728
000000124732
000000124734
000000124736
000000124737
000000124739
000000124747
000000124751
000000124764
000000124765
000000124786
000000124795
000000124800
000000124804
000000124805
000000124811
000000124812
000000124815
000000124824
000000124827
000000124829
000000124834
000000124835
000000124836
000000124840
000000124841
000000124850
000000124859
000000124861
000000124874
000000124880
000000124889
000000124893
000000124899
000000124903
000000124907
000000124914
000000124924
000000124926
000000124931
000000124934
000000124935
000000124955
000000124970
000000124992
000000124994
000000125015
000000125036
000000125038
000000125042
000000125056
000000125063
000000125077
000000125091
000000125098
000000125109
000000125115
000000125116
000000125117
000000125118
000000125120
000000125125
000000125128
000000125135
000000125142
000000125168
000000125180
000000125184
000000125188
000000125193
000000125213
000000125218
000000125227
000000125230
000000125234
000000125244
000000125247
000000125252
000000125259
000000125262
000000125263
000000125266
000000125270
000000125273
000000125275
000000281772
000000281774
000000281779
000000281789
000000281790
000000281815
000000281818
000000281835
000000281840
000000281846
000000281850
000000281855
000000281887
000000281888
000000281891
000000281900
000000281906
000000281910
000000281917
000000281920
000000281922
000000281943
000000281952
000000281957
000000281959
000000281961
000000281970
000000281994
000000281996
000000281997
000000282002
000000282006
000000282009
000000282015
000000282027
000000282032
000000282039
000000282042
000000282045
000000282048
000000282067
000000282069
000000282070
000000282076
000000282097
000000282099
000000282115
000000282129
000000282131
000000282137
000000282142
000000282147
000000282158
000000282173
000000282186
000000282190
000000282197
000000282198
000000282208
000000282209
000000282220
000000282221
000000282228
000000282234
000000282238
000000282239
000000282252
000000282257
000000282264
000000282279
000000282283
000000282286
000000282293
000000282310
000000282316
000000282329
000000282339
000000282343
000000282349
000000282351
000000282354
000000282357
000000282359
000000282368
000000282372
000000282377
000000282380
000000282385
000000282406
000000282415
000000282419
000000282425
000000282428
000000282431
000000282440
000000282442
000000282444
000000282450
000000282456
000000282464
000000282466
000000282471
000000282473
000000282479
000000282482
000000282485
000000282503
000000282514
000000282515
000000282523
000000282527
000000282552
000000282557
000000282558
000000282564
000000282565
000000282566
000000282567
000000282568
000000282572
000000282574
000000282579
000000282583
000000282590
000000282599
000000282603
000000282617
000000282624
000000282631
000000282661
000000282667
000000282669
000000282670
000000282671
000000282675
000000282679
000000282691
000000282692
000000282694
000000282703
000000282706
000000282707
000000282708
000000282720
000000282730
000000282733
000000282737
000000282738
000000282766
000000282771
000000282773
000000282776
000000282782
000000282789
000000282791
000000282793
000000282803
000000282812
000000282828
000000282834
000000282835
000000282840
000000282843
000000282855
000000282868
000000282879
000000282883
000000282889
000000282894
000000282899
000000282900
000000282901
000000282926
000000282930
000000282934
000000282943
000000282946
000000282949
000000282952
000000282957
000000282978
000000282981
000000282982
000000282987
000000282994
000000282998
000000283004
000000283018
000000283019
000000283043
000000283045
000000283059
000000283093
000000283107
000000283111
000000283122
000000283125
000000283129
000000283138
000000283139
000000283141
000000283144
000000283170
000000283171
000000283180
000000283181
000000283188
000000283196
000000283199
000000283208
000000283213
000000283220
000000283237
000000283240
000000283246
000000283257
000000283263
000000283267
000000283269
000000283278
000000283279
000000283294
000000283303
000000283309
000000283312
000000283316
000000283323
000000283329
000000283333
000000283350
000000283355
000000283377
000000283382
000000283383
000000283388
000000283393
000000283403
000000283405
000000283408
000000283426
000000283431
000000283445
000000283448
000000283451
000000283454
000000283456
000000283475
000000283476
000000283479
000000283484
000000283485
000000283500
000000283502
000000283524
000000283530
000000283534
000000283545
000000283548
000000283557
000000283573
000000283583
000000283584
000000283586
000000283589
000000283600
000000283604
000000283611
000000283615
000000283617
000000283618
000000283620
000000283624
000000283629
000000283631
000000283632
000000283638
000000283648
000000283650
000000283658
000000283666
000000283673
000000283678
000000283679
000000283682
000000283697
000000283700
000000283704
000000283715
000000283720
000000283728
000000283729
000000283730
000000283734
000000283750
000000283753
000000283757
000000283766
000000283780
000000283790
000000283803
000000283809
000000283814
000000283818
000000283825
000000283835
000000283840
000000283859
000000283863
000000283867
000000283868
000000283870
000000283875
000000283884
000000283885
000000283888
000000283891
000000283896
000000283912
000000283913
000000283916
000000283921
000000283937
000000283942
000000283955
000000283956
000000283957
000000283960
000000283961
000000283965
000000283968
000000283970
000000283982
000000286159
000000286162
000000286166
000000286171
000000286174
000000286181
000000286186
000000286190
000000286204
000000286212
000000286227
000000286233
000000286234
000000286247
000000286248
000000286254
000000286259
000000286279
000000286284
000000286292
000000286302
000000286306
000000286310
000000286328
000000286336
000000286348
000000286349
000000286359
000000286368
000000286376
000000286382
000000286386
000000286388
000000286406
000000286411
000000286414
000000286425
000000286429
000000286430
000000286439
000000286442
000000286469
000000286471
000000286482
000000286483
000000286484
000000286490
000000286492
000000286499
000000286511
000000286519
000000286521
000000286525
000000286530
000000286537
000000286550
000000286554
000000286564
000000286569
000000286575
000000286576
000000286594
000000286611
000000286613
000000286614
000000286619
000000286632
000000286639
000000286645
000000286656
000000286673
000000286678
000000286685
000000286688
000000286690
000000286692
000000286696
000000286698
000000286700
000000286702
000000286703
000000286704
000000286720
000000286724
000000286742
000000286745
000000286751
000000286753
000000286764
000000286773
000000286787
000000286792
000000286793
000000286802
000000286816
000000286823
000000286860
000000286862
000000286870
000000286874
000000286876
000000286877
000000286886
000000286888
000000286892
000000286897
000000286899
000000286910
000000286912
000000286914
000000286925
000000286930
000000286931
000000286932
000000286936
000000286939
000000286953
000000286961
000000286962
000000286973
000000286998
000000287003
000000287006
000000287024
000000287025
000000287027
000000287029
000000287038
000000287039
000000287041
000000287044
000000287049
000000287062
000000287084
000000287094
000000287095
000000287098
000000287105
000000287108
000000287117
000000287119
000000287136
000000287140
000000287161
000000287167
000000287173
000000287187
000000287188
000000287197
000000287201
000000287210
000000287213
000000287221
000000287223
000000287228
000000287232
000000287233
000000287234
000000287236
000000287239
000000287245
000000287249
000000287253
000000287265
000000287270
000000287289
000000287299
000000287302
000000287303
000000287304
000000287308
000000287310
000000287312
000000287322
000000287324
000000287330
000000287337
000000287341
000000287360
000000287361
000000287364
000000287369
000000287372
000000287374
000000287384
000000287386
000000287388
000000287399
000000287400
000000287406
000000287407
000000287415
000000287418
000000287422
000000287427
000000287434
000000287437
000000287449
000000287466
000000287474
000000287488
000000287494
000000287495
000000287496
000000287503
000000287507
000000287509
000000287512
000000287519
000000287528
000000287531
000000287541
000000287565
000000287567
000000287568
000000287572
000000287575
000000287578
000000287585
000000287590
000000287601
000000287608
000000287639
000000287651
000000287656
000000287659
000000287666
000000287682
000000287695
000000287716
000000287718
000000287723
000000287735
000000287737
000000287760
000000287767
000000287774
000000287781
000000287782
000000287792
000000287794
000000287804
000000287831
000000287833
000000287839
000000287841
000000287842
000000287849
000000287854
000000287867
000000287870
000000287872
000000287875
000000287877
000000287881
000000287884
000000287886
000000287890
000000287900
000000287903
000000287904
000000287907
000000287920
000000287922
000000287927
000000287934
000000287953
000000287958
000000287960
000000287962
000000287974
000000287988
000000287998
000000288014
000000288015
000000288018
000000288021
000000288023
000000288025
000000288026
000000288032
000000288039
000000288052
000000288054
000000288055
000000288061
000000288099
000000288106
000000288115
000000288117
000000288119
000000288123
000000288127
000000288156
000000288157
000000288164
000000288169
000000288171
000000288176
000000288180
000000288187
000000288194
000000288204
000000288215
000000288219
000000288223
000000288227
000000288234
000000288236
000000288246
000000288259
000000288262
000000288263
000000288267
000000288268
000000288274
000000288275
000000288278
000000288283
000000288310
000000288317
000000288344
000000288347
000000288358
000000288372
000000288379
000000288383
000000288397
000000288411
000000288416
000000288421
000000288440
000000288450
000000288451
000000288453
000000288471
000000288472
000000288478