000000000009
000000000025
000000000030
000000000034
000000000036
000000000049
000000000061
000000000064
000000000071
000000000072
000000000077
000000000078
000000000081
000000000086
000000000089
000000000092
000000000094
000000000109
000000000110
000000000113
000000000127
000000000138
000000000142
000000000144
000000000149
000000000151
000000000154
000000000165
000000000194
000000000201
000000000247
000000000260
000000000263
000000000307
000000000308
000000000309
000000000312
000000000315
000000000321
000000000322
000000000326
000000000332
000000000349
000000000368
000000000370
000000000382
000000000384
000000000389
000000000394
000000000404
000000000419
000000000431
000000000436
000000000438
000000000443
000000000446
000000000450
000000000471
000000000490
000000000491
000000000510
000000000514
000000000529
000000000531
000000000532
000000000540
000000000542
000000000560
000000000562
000000000572
000000000575
000000000581
000000000584
000000000595
000000000597
000000000605
000000000612
000000000620
000000000625
000000000629
000000000634
000000000643
000000000650
000000000656
000000000659
000000000670
000000000671
000000000673
000000000681
000000000684
000000000690
000000000706
000000000714
000000000716
000000000722
000000000723
000000000731
000000000735
000000000753
000000000754
000000000762
000000000781
000000000790
000000000795
000000000797
000000000801
000000000813
000000000821
000000000825
000000000828
000000000839
000000000853
000000000882
000000000897
000000000901
000000000902
000000000908
000000000909
000000000913
000000000925
000000000927
000000000934
000000000941
000000000943
000000000955
000000000960
000000000965
000000000977
000000000982
000000000984
000000000996
000000001006
000000001011
000000001014
000000001025
000000001036
000000001053
000000001059
000000001072
000000001084
000000001085
000000001090
000000001098
000000001099
000000001102
000000001107
000000001108
000000001122
000000001139
000000001144
000000001145
000000001155
000000001166
000000001168
000000001183
000000001200
000000001204
000000001213
000000001216
000000001224
000000001232
000000001237
000000001238
000000001261
000000001264
000000001271
000000001282
000000001295
000000001298
000000001306
000000001307
000000001308
000000001311
000000001315
000000001319
000000001323
000000001330
000000001332
000000001350
000000001355
000000001359
000000001360
000000001366
000000001375
000000001381
000000001386
000000001390
000000001392
000000001397
000000001401
000000001403
000000001407
000000001408
000000001424
000000001431
000000001451
000000001453
000000001455
000000001488
000000001496
000000001497
000000001501
000000001505
000000001507
000000001510
000000001515
000000001518
000000001522
000000001523
000000001526
000000001527
000000001536
000000001548
000000001558
000000001562
000000001569
000000001579
000000001580
000000001586
000000001589
000000001596
000000001611
000000001622
000000001625
000000001637
000000001639
000000001645
000000001670
000000001674
000000001681
000000001688
000000001697
000000001706
000000001709
000000001712
000000001720
000000001732
000000001737
000000001756
000000001762
000000001764
000000001771
000000001774
000000001777
000000001781
000000001785
000000001786
000000001790
000000001792
000000001804
000000001810
000000001811
000000001813
000000001815
000000001822
000000001837
000000001864
000000001875
000000001877
000000001888
000000001895
000000001900
000000001902
000000001906
000000001907
000000001911
000000001912
000000001915
000000001924
000000001926
000000001941
000000001942
000000001943
000000001947
000000001958
000000001966
000000001994
000000001999
000000002001
000000002007
000000002024
000000002055
000000002056
000000002066
000000002068
000000002072
000000002083
000000002089
000000002093
000000002106
000000002114
000000002135
000000002148
000000002150
000000002178
000000002184
000000002193
000000002197
000000002209
000000002211
000000002217
000000002229
000000002232
000000002244
000000002258
000000002270
000000002276
000000002278
000000002279
000000002280
000000002281
000000002283
000000002284
000000002296
000000002309
000000002337
000000002342
000000002347
000000002349
000000002369
000000002372
000000002374
000000002377
000000002389
000000002400
000000002402
000000002411
000000002415
000000002429
000000002444
000000002445
000000002446
000000002448
000000002451
000000002459
000000002466
000000002470
000000002471
000000002496
000000002498
000000002531
000000002536
000000002543
000000002544
000000002545
000000002555
000000002559
000000002560
000000002563
000000002567
000000002570
000000002575
000000002583
000000002585
000000002591
000000002602
000000002606
000000002608
000000002614
000000002618
000000002619
000000002623
000000002624
000000002639
000000002644
000000002645
000000002658
000000002664
000000002672
000000002686
000000002687
000000002691
000000002693
000000002697
000000002703
000000002732
000000002742
000000002752
000000002754
000000002755
000000002758
000000002770
000000002774
000000002776
000000002782
000000002823
000000002833
000000002842
000000002843
000000002849
000000002860
000000002886
000000002892
000000002896
000000002902
000000002907
000000002931
000000002951
000000002963
000000002964
000000002982
000000002983
000000002989
000000002992
000000002998
000000003000
000000003003
000000003008
000000003040
000000003048
000000003076
000000003077
000000003080
000000003118
000000003124
000000003131
000000003148
000000003157
000000003160
000000003178
000000003197
000000003219
000000003220
000000003224
000000003225
000000003234
000000003236
000000003242
000000003249
000000003259
000000003264
000000003270
000000003272
000000003276
000000003286
000000003293
000000003305
000000003314
000000003320
000000003321
000000003325
000000003348
000000003353
000000003361
000000003365
000000003366
000000003375
000000003386
000000003389
000000003398
000000003412
000000003432
000000003442
000000003457
000000003461
000000003464
000000003474
000000003478
000000003481
000000003483
000000003493
000000003511
000000003514
000000003517
000000003518
000000003521
000000003528
000000003532
000000003535
000000003538
000000003579
000000003602
000000003613
000000003623
000000003628
000000003637
000000003668
000000003671
000000003682
000000003685
000000003713
000000003729
000000003735
000000003737
000000003745
000000003751
000000003764
000000003770
000000003782
000000003789
000000003804
000000003812
000000003823
000000003827
000000003830
000000003860
000000003862
000000003866
000000003870
000000003877
000000003897
000000003899
000000003911
000000003915
000000003917
000000003920
000000003935
000000003967
000000003982
000000003988
000000003992
000000003995
000000003999
000000004020
000000004032
000000004038
000000004042
000000004051
000000004057
000000004065
000000004068
000000004080
000000004129
000000004130
000000004131
000000004132
000000004138
000000004139
000000004140
000000004159
000000004172
000000004173
000000004180
000000004189
000000004201
000000004208
000000004219
000000004239
000000004244
000000004245
000000004259
000000004260
000000004278
000000004282
000000004289
000000004309
000000004318
000000004319
000000004322
000000004331
000000004360
000000004376
000000004377
000000004385
000000004394
000000004404
000000004410
000000004415
000000004421
000000004424
000000004426
000000004428
000000004441
000000004442
000000004444
000000004462
000000004463
000000004471
000000004477
000000004478
000000004488
000000004489
000000004490
000000004502
000000004508
000000004527
000000004535
000000004537
000000004546
000000004549
000000004555
000000004567
000000004571
000000004574
000000004575
000000004578
000000004579
000000004587
000000004595
000000004608
000000004616
000000004622
000000004624
000000004642
000000004647
000000004662
000000004673
000000004684
000000004694
000000004702
000000004704
000000004705
000000004706
000000004711
000000004714
000000004716
000000004719
000000004739
000000004741
000000004761
000000004762
000000004785
000000004794
000000004796
000000004809
000000004820
000000004823
000000004827
000000004830
000000004834
000000004843
000000004844
000000004859
000000004876
000000004880
000000004885
000000004888
000000004891
000000004893
000000004901
000000004903
000000004904
000000004920
000000004931
000000004947
000000004956
000000004963
000000004968
000000004970
000000004971
000000004978
000000004981
000000004984
000000004993
000000005005
000000005010
000000005011
000000005016
000000005018
000000005021
000000005028
000000005046
000000005073
000000005083
000000005085
000000005086
000000005088
000000005094
000000005095
000000005099
000000005111
000000005113
000000005115
000000005131
000000005139
000000005140
000000005142
000000005151
000000005152
000000005156
000000005165
000000005169
000000005172
000000005174
000000005180
000000005198
000000005210
000000005215
000000005219
000000005237
000000005244
000000005253
000000005256
000000005259
000000005260
000000005263
000000005277
000000005288
000000005294
000000005303
000000005312
000000005313
000000005324
000000005326
000000005335
000000005336
000000005339
000000005340
000000005344
000000005345
000000005355
000000005359
000000005360
000000005362
000000005368
000000005373
000000005376
000000005377
000000005383
000000005396
000000005424
000000005425
000000005430
000000005434
000000005435
000000005453
000000005459
000000005469
000000005471
000000005472
000000005482
000000005483
000000005505
000000005508
000000005522
000000005554
000000005557
000000005559
000000005564
000000005574
000000005587
000000005589
000000005608
000000005612
000000005614
000000005615
000000005619
000000005620
000000005632
000000005638
000000005641
000000005643
000000005649
000000005667
000000005669
000000005678
000000005683
000000005684
000000005688
000000005689
000000005692
000000005699
000000005700
000000005701
000000005703
000000005715
000000005736
000000005740
000000005745
000000005755
000000005756
000000005757
000000005769
000000005782
000000005785
000000005809
000000005811
000000005823
000000005828
000000005830
000000005832
000000005862
000000005882
000000005883
000000005903
000000005906
000000005907
000000005913
000000005915
000000005916
000000005917
000000005933
000000005946
000000005947
000000005962
000000005967
000000005991
000000005994
000000006004
000000006010
000000006016
000000006026
000000006031
000000006041
000000006042
000000006051
000000006053
000000006057
000000006066
000000006068
000000006075
000000006101
000000006107
000000006120
000000006140
000000006146
000000006148
000000006151
000000006155
000000006160
000000006178
000000006182
000000006190
000000006197
000000006200
000000006216
000000006225
000000006229
000000006230
000000006233
000000006241
000000006247
000000006253
000000006262
000000006263
000000006268
000000006270
000000006287
000000006293
000000006295
000000006318
000000006327
000000006332
000000006334
000000006336
000000006338
000000006339
000000006352
000000006355
000000006357
000000006358
000000006363
000000006364
000000006379
000000006380
000000006406
000000006407
000000006409
000000006414
000000006421
000000006422
000000006424
000000006428
000000006432
000000006447
000000006451
000000006464
000000006465
000000006481
000000006488
000000006489
000000006491
000000006512
000000006517
000000006518
000000006520
000000006522
000000006531
000000006539
000000006541
000000006560
000000006562
000000006572
000000006578
000000006586
000000006590
000000006595
000000006599
000000006602
000000006603
000000006627
000000006631
000000006632
000000006640
000000006647
000000006651
000000006664
000000006675
000000006692
000000006709
000000006710
000000006715
000000006721
000000006725
000000006730
000000006733
000000006744
000000006747
000000006749
000000006753
000000006760
000000006764
000000006765
000000006773
000000006777
000000006780
000000006790
000000006792
000000006800
000000006809
000000006811
000000006819
000000006824
000000006842
000000006846
000000006860
000000006862
000000006873
000000006901
000000006914
000000006920
000000006935
000000006936
000000006941
000000006943
000000006945
000000006957
000000006964
000000006973
000000006981
000000006990
000000006996
000000006998
000000007022
000000007028
000000007035
000000007040
000000007048
000000007049
000000007069
000000007090
000000007095
000000007103
000000007104
000000007116
000000007123
000000007124
000000007129
000000007139
000000007143
000000007145
000000007150
000000007159
000000007167
000000007174
000000007179
000000007201
000000007205
000000007220
000000007221
000000007224
000000007228
000000007232
000000007239
000000007247
000000007251
000000007275
000000007277
000000007307
000000007318
000000007319
000000007357
000000007361
000000007367
000000007393
000000007396
000000007420
000000007424
000000007452
000000007455
000000007476
000000007489
000000007498
000000007500
000000007503
000000007504
000000007510
000000007517
000000007524
000000007535
000000007539
000000007544
000000007558
000000007567
000000007583
000000007584
000000007594
000000007596
000000007601
000000007603
000000007615
000000007616
000000007621
000000007623
000000007627
000000007629
000000007642
000000007643
000000007650
000000007653
000000007665
000000007669
000000007677
000000007685
000000007689
000000007697
000000007710
000000007713
000000007727
000000007729
000000007733
000000007735
000000007740
000000007746
000000007753
000000007757
000000007758
000000007762
000000007772
000000007778
000000007781
000000007782
000000007785
000000007794
000000007796
000000007809
000000007819
000000007827
000000007830
000000007838
000000007839
000000007852
000000007853
000000007855
000000007856
000000007890
000000007894
000000007921
000000007931
000000007932
000000007934
000000007936
000000007944
000000007945
000000007946
000000007953
000000007954
000000007988
000000007996
000000008006
000000008014
000000008019
000000008024
000000008025
000000008027
000000008043
000000008053
000000008055
000000008058
000000008062
000000008063
000000008064
000000008066
000000008074
000000008081
000000008086
000000008093
000000008095
000000008106
000000008114
000000008138
000000008152
000000008160
000000008176
000000008186
000000008187
000000008193
000000008195
000000008223
000000008228
000000008234
000000008238
000000008245
000000008284
000000008285
000000008290
000000008294
000000008297
000000008300
000000008305
000000008309
000000008311
000000008314
000000008320
000000008321
000000008329
000000008332
000000008336
000000008339
000000008341
000000008345
000000008356
000000008369
000000008373
000000008383
000000008385
000000008394
000000008396
000000008405
000000008414
000000008422
000000008429
000000008431
000000008432
000000008433
000000008436
000000008439
000000008453
000000008458
000000008468
000000008469
000000008471
000000008494
000000008504
000000008519
000000008520
000000008531
000000008536
000000008547
000000008549
000000008553
000000008559
000000008562
000000008564
000000008568
000000008571
000000008574
000000008580
000000008581
000000008587
000000008592
000000008593
000000008595
000000008602
000000008630
000000008639
000000008644
000000008649
000000008653
000000008657
000000008659
000000008677
000000008686
000000008691
000000008725
000000008731
000000008733
000000008734
000000008746
000000008747
000000008761
000000008772
000000008773
000000008776
000000008781
000000008785
000000008786
000000008789
000000008791
000000008794
000000008797
000000008807
000000008809
000000008813
000000008816
000000008821
000000008829
000000008830
000000008834
000000008836
000000008841
000000008846
000000008848
000000008856
000000008872
000000008881
000000008884
000000008892
000000008896
000000008909
000000008920
000000008933
000000008936
000000008944
000000008958
000000008965
000000008968
000000008979
000000008991
000000008998
000000008999
000000009012
000000009016
000000009017
000000009018
000000009024
000000009025
000000009029
000000009038
000000009039
000000009045
000000009057
000000009060
000000009062
000000009064
000000009069
000000009075
000000009091
000000009095
000000009112
000000009113
000000009119
000000009127
000000009133
000000009138
000000009148
000000009174
000000009176
000000009178
000000009180
000000009185
000000009190
000000009195
000000009199
000000009202
000000009203
000000009211
000000009218
000000009226
000000009231
000000009248
000000009253
000000009287
000000009296
000000009321
000000009322
000000009353
000000009372
000000009398
000000009408
000000009409
000000009413
000000009425
000000009429
000000009446
000000009451
000000009452
000000009460
000000009462
000000009465
000000009469
000000009474
000000009479
000000009488
000000009509
000000009511
000000009514
000000009517
000000009539
000000009542
000000009556
000000009557
000000009599
000000009608
000000009615
000000009620
000000009640
000000009648
000000009651
000000009656
000000009658
000000009669
000000009673
000000009677
000000009678
000000009695
000000009696
000000009698
000000009708
000000009709
000000009712
000000009723
000000009725
000000009735
000000009738
000000009744
000000009745
000000009760
000000009763
000000009767
000000009768
000000009771
000000009774
000000009789
000000009797
000000009820
000000009822
000000009833
000000009836
000000009843
000000009845
000000009846
000000009851
000000009859
000000009865
000000009866
000000009872
000000009878
000000009885
000000009895
000000009898
000000009904
000000009910
000000009919
000000009929
000000009935
000000009945
000000009946
000000009951
000000009960
000000009968
000000009975
000000009983
000000009987
000000009988
000000009990
000000009993
000000009999
000000010005
000000010015
000000010024
000000010037
000000010041
000000010046
000000010058
000000010069
000000010073
000000010082
000000010083
000000010084
000000010094
000000010097
000000010125
000000010130
000000010136
000000010145
000000010161
000000010166
000000010175
000000010176
000000010179
000000010196
000000010222
000000010229
000000010230
000000010232
000000010239
000000010241
000000010243
000000010244
000000010245
000000010248
000000010265
000000010275
000000010276
000000010281
000000010303
000000010309
000000010313
000000010318
000000010319
000000010321
000000010327
000000010337
000000010342
000000010343
000000010346
000000010358
000000010369
000000010388
000000010403
000000010405
000000010407
000000010414
000000010421
000000010430
000000010434
000000010444
000000010445
000000010466
000000010471
000000010472
000000010476
000000010478
000000010484
000000010489
000000010495
000000010498
000000010539
000000010540
000000010545
000000010546
000000010547
000000010560
000000010566
000000010579
000000010581
000000010600
000000010614
000000010621
000000010624
000000010627
000000010639
000000010645
000000010646
000000010655
000000010683
000000010689
000000010691
000000010701
000000010702
000000010710
000000010711
000000010714
000000010716
000000010719
000000010727
000000010728
000000010732
000000010733
000000010735
000000010743
000000010759
000000010769
000000010784
000000010787
000000010799
000000010817
000000010818
000000010831
000000010851
000000010856
000000010867
000000010870
000000010871
000000010877
000000010881
000000010890
000000010900
000000010903
000000010907
000000010909
000000010925
000000010929
000000010936
000000010948
000000010964
000000010969
000000010981
000000010991
000000011004
000000011010
000000011015
000000011025
000000011029
000000011041
000000011052
000000011065
000000011075
000000011077
000000011080
000000011091
000000011100
000000011107
000000011129
000000011138
000000011146
000000011147
000000011158
000000011159
000000011168
000000011188
000000011195
000000011196
000000011205
000000011222
000000011223
000000011227
000000011229
000000011231
000000011233
000000011238
000000011244
000000011256
000000011258
000000011264
000000011265
000000011271
000000011272
000000011282
000000011288
000000011292
000000011294
000000011297
000000011299
000000011302
000000011304
000000011323
000000011324
000000011326
000000011328
000000011332
000000011336
000000011349
000000011358
000000011361
000000011373
000000011398
000000011401
000000011402
000000011403
000000011411
000000011420
000000011422
000000011426
000000011461
000000011474
000000011475
000000011485
000000011487
000000011495
000000011496
000000011497
000000011504
000000011505
000000011506
000000011508
000000011519
000000011527
000000011528
000000011544
000000011554
000000011569
000000011576
000000011579
000000011591
000000011605
000000011613
000000011618
000000011619
000000011624
000000011630
000000011631
000000011635
000000011638
000000011643
000000011658
000000011661
000000011667
000000011673
000000011677
000000011680
000000011682
000000011690
000000011694
000000011697
000000011701
000000011702
000000011707
000000011713
000000011719
000000011720
000000011723
000000011726
000000011737
000000011754
000000011758
000000011766
000000011774
000000011775
000000011791
000000011794
000000011801
000000011802
000000011805
000000011812
000000011818
000000011825
000000011826
000000011831
000000011838
000000011842
000000011849
000000011856
000000011877
000000011926
000000011931
000000011948
000000011953
000000011968
000000011990
000000011996
000000012015
000000012021
000000012023
000000012034
000000012044
000000012057
000000012059
000000012069
000000012070
000000012073
000000012079
000000012093
000000012096
000000012098
000000012102
000000012103
000000012107
000000012108
000000012109
000000012131
000000012138
000000012145
000000012146
000000012154
000000012155
000000012156
000000012158
000000012169
000000012178
000000012181
000000012182
000000012183
000000012213
000000012224
000000012228
000000012233
000000012240
000000012241
000000012249
000000012251
000000012281
000000012283
000000012284
000000012302
000000012307
000000012313
000000012315
000000012321
000000012345
000000012349
000000012357
000000012372
000000012377
000000012379
000000012382
000000012386
000000012398
000000012407
000000012408
000000012416
000000012418
000000012421
000000012422
000000012424
000000012428
000000012429
000000012434
000000012440
000000012459
000000012460
000000012461
000000012463
000000012472
000000012475
000000012484
000000012488
000000012490
000000012495
000000012497
000000012501
000000012509
000000012522
000000012524
000000012529
000000012544
000000012548
000000012556
000000012567
000000012574
000000012597
000000012612
000000012614
000000012620
000000012626
000000012647
000000012650
000000012661
000000012664
000000012673
000000012678
000000012679
000000012681
000000012690
000000012696
000000012698
000000012701
000000012704
000000012711
000000012726
000000012728
000000012735
000000012750
000000012756
000000012757
000000012766
000000012784
000000012786
000000012790
000000012792
000000012795
000000012797
000000012803
000000012805
000000012810
000000012822
000000012824
000000012825
000000012833
000000012838
000000012839
000000012861
000000012864
000000012873
000000012875
000000012876
000000012883
000000012884
000000012891
000000012892
000000012895
000000012902
000000012916
000000012923
000000012930
000000012933
000000012953
000000113436
000000113437
000000113442
000000113449
000000113455
000000113481
000000113488
000000113495
000000113501
000000113504
000000113512
000000113513
000000113521
000000113525
000000113537
000000113561
000000113593
000000113594
000000113598
000000113599
000000113617
000000113619
000000113634
000000113638
000000113649
000000113654
000000113660
000000113668
000000113676
000000113698
000000113700
000000113708
000000113716
000000113721
000000113724
000000113725
000000113762
000000113772
000000113787
000000113806
000000113810
000000113812
000000113839
000000113844
000000113845
000000113846
000000113851
000000113852
000000113857
000000113861
000000113879
000000113880
000000113893
000000113898
000000113929
000000113944
000000113949
000000113952
000000113956
000000113962
000000113967
000000113970
000000113979
000000113982
000000113985
000000113991
000000113998
000000114024
000000114027
000000114028
000000114034
000000114035
000000114045
000000114052
000000114060
000000114061
000000114068
000000114077
000000114079
000000114080
000000114083
000000114087
000000114093
000000114101
000000114126
000000114132
000000114139
000000114140
000000114141
000000114142
000000114144
000000114149
000000114153
000000114162
000000114169
000000114172
000000114174
000000114175
000000114177
000000114178
000000114185
000000114194
000000114202
000000114203
000000114204
000000114219
000000114222
000000114225
000000114226
000000114229
000000114230
000000114240
000000114249
000000114250
000000114256
000000114258
000000114259
000000114269
000000114274
000000114286
000000114288
000000114310
000000114316
000000114326
000000114330
000000114333
000000114338
000000114340
000000114353
000000114363
000000114392
000000114403
000000114404
000000114408
000000114421
000000114424
000000114459
000000114464
000000114468
000000114469
000000114473
000000114474
000000114500
000000114505
000000114510
000000114515
000000114519
000000114521
000000114535
000000114540
000000114541
000000114559
000000114561
000000114598
000000114617
000000114629
000000114630
000000114648
000000114652
000000114653
000000114657
000000114661
000000114668
000000114674
000000114677
000000114678
000000114686
000000114692
000000114694
000000114697
000000114698
000000114701
000000114703
000000114705
000000114718
000000114728
000000114729
000000114732
000000114748
000000114749
000000114776
000000114784
000000114786
000000114788
000000114801
000000114807
000000114815
000000114820
000000114822
000000114828
000000114829
000000114830
000000114843
000000114844
000000114846
000000114854
000000114863
000000114869
000000114879
000000114880
000000114886
000000114894
000000114898
000000114917
000000114925
000000114937
000000114940
000000114943
000000114945
000000114947
000000114954
000000114968
000000114978
000000114979
000000115003
000000115005
000000115014
000000115018
000000115028
000000115037
000000115042
000000115055
000000115056
000000115071
000000115080
000000115086
000000115087
000000115089
000000115102
000000115108
000000115113
000000115117
000000115119
000000115126
000000115132
000000115144
000000115145
000000115151
000000115156
000000115157
000000115158
000000115159
000000115169
000000115191
000000115197
000000115218
000000115226
000000115237
000000115251
000000115260
000000115270
000000115274
000000115275
000000115282
000000115291
000000115292
000000115296
000000115299
000000115305
000000115311
000000115316
000000115319
000000115328
000000115331
000000115342
000000115345
000000115355
000000115356
000000115358
000000115359
000000115365
000000115372
000000115374
000000115378
000000115384
000000115392
000000115400
000000115403
000000115404
000000115419
000000115421
000000115422
000000115442
000000115465
000000115481
000000115485
000000115502
000000115505
000000115506
000000115511
000000115515
000000115518
000000115519
000000115522
000000115524
000000115536
000000115544
000000115564
000000115569
000000115574
000000115590
000000115599
000000115604
000000115616
000000115619
000000115632
000000115633
000000115635
000000115637
000000115638
000000115639
000000115642
000000115643
000000115645
000000115649
000000115652
000000115660
000000115676
000000115681
000000115692
000000115707
000000115718
000000115719
000000115740
000000115741
000000115743
000000115763
000000115777
000000115804
000000115816
000000115829
000000115845
000000115851
000000115854
000000115862
000000115864
000000115887
000000115893
000000115902
000000115911
000000115917
000000115939
000000115942
000000115950
000000115954
000000115959
000000115967
000000115970
000000115973
000000115992
000000116003
000000116004
000000116005
000000116006
000000116010
000000116026
000000116031
000000116032
000000116040
000000116043
000000116048
000000116049
000000116064
000000116065
000000116074
000000116078
000000116088
000000116100
000000116123
000000116126
000000116131
000000116134
000000116141
000000116147
000000116155
000000116166
000000116171
000000116174
000000116181
000000116185
000000116186
000000116196
000000116204
000000116207
000000116210
000000116220
000000116223
000000116224
000000116229
000000116250
000000116268
000000116270
000000116272
000000116286
000000116312
000000116316
000000116326
000000116334
000000116336
000000116339
000000116352
000000116353
000000116356
000000116376
000000116380
000000116393
000000116396
000000116397
000000116398
000000116402
000000116423
000000116431
000000116444
000000116453
000000116462
000000116464
000000116480
000000116497
000000116502
000000116503
000000116511
000000116512
000000116518
000000116526
000000116557
000000116562
000000116570
000000116572
000000116577
000000116579
000000116588
000000116592
000000116601
000000116603
000000116607
000000116617
000000116618
000000116622
000000116625
000000116633
000000116650
000000116652
000000116656
000000116663
000000116675
000000116677
000000116694
000000116708
000000116717
000000116723
000000116725
000000116731
000000116732
000000116735
000000116737
000000116740
000000116741
000000116746
000000116755
000000116771
000000116783
000000116789
000000116792
000000116794
000000116803
000000116804
000000116824
000000116827
000000116831
000000116832
000000116834
000000116851
000000116854
000000116872
000000116882
000000116886
000000116892
000000116894
000000116900
000000116911
000000116927
000000116941
000000116944
000000116956
000000116963
000000116968
000000116982
000000116987
000000116988
000000116994
000000117009
000000117016
000000117019
000000117026
000000117031
000000117034
000000117040
000000117046
000000117049
000000117059
000000117060
000000117062
000000117071
000000117094
000000117105
000000117108
000000117114
000000117116
000000117117
000000117119
000000117121
000000117131
000000117137
000000117139
000000117140
000000117146
000000117156
000000117157
000000117160
000000117178
000000117179
000000117182
000000117184
000000117192
000000117203
000000117205
000000117218
000000117229
000000117230
000000117250
000000117262
000000117275
000000117283
000000117284
000000117289
000000117300
000000117302
000000117304
000000117307
000000117313
000000117317
000000117319
000000117321
000000117322
000000117325
000000117327
000000117336
000000117349
000000117360
000000117366
000000117371
000000117377
000000117379
000000117389
000000117400
000000117403
000000117413
000000117417
000000117418
000000117428
000000117445
000000117447
000000117454
000000117455
000000117494
000000117496
000000117497
000000117507
000000117512
000000117514
000000117515
000000117528
000000117531
000000117532
000000117536
000000117542
000000117555
000000117578
000000117585
000000117601
000000117608
000000117636
000000117637
000000117639
000000117644
000000117667
000000117668
000000117677
000000117679
000000117684
000000117691
000000117721
000000117722
000000117736
000000117742
000000117743
000000117764
000000117765
000000117768
000000117770
000000117772
000000117774
000000117781
000000117784
000000117789
000000117796
000000117821
000000117834
000000117838
000000117839
000000117849
000000117857
000000117867
000000117871
000000117884
000000117897
000000117916
000000117918
000000117922
000000117931
000000117935
000000117937
000000117939
000000117941
000000117946
000000117958
000000117961
000000117965
000000117969
000000117973
000000117979
000000117987
000000117991
000000117993
000000117998
000000118019
000000118022
000000118027
000000118060
000000118061
000000118076
000000118081
000000118086
000000118087
000000118089
000000118104
000000118110
000000118118
000000118131
000000118140
000000118150
000000118158
000000118162
000000118167
000000118169
000000118171
000000118173
000000118186
000000118188
000000118195
000000118199
000000118207
000000118212
000000118219
000000118227
000000118234
000000118239
000000118242
000000118249
000000118272
000000118277
000000118278
000000118296
000000118299
000000118302
000000118306
000000118312
000000118329
000000118330
000000118342
000000118347
000000118356
000000118369
000000118379
000000118386
000000118399
000000118404
000000118407
000000118412
000000118413
000000118422
000000118431
000000118436
000000118457
000000118459
000000118463
000000118471
000000118477
000000118478
000000118480
000000118485
000000118514
000000118534
000000118535
000000118543
000000118550
000000118563
000000118572
000000118581
000000118590
000000118605
000000118612
000000118627
000000118642
000000118644
000000118673
000000118674
000000118680
000000118682
000000118683
000000118694
000000118697
000000118703
000000118723
000000118724
000000118726
000000118730
000000118734
000000118736
000000118742
000000118745
000000118748
000000118762
000000118764
000000118769
000000118771
000000118775
000000118777
000000118780
000000118783
000000118785
000000118787
000000118794
000000118806
000000118827
000000118837
000000118838
000000118840
000000118848
000000118851
000000118862
000000118866
000000118870
000000118881
000000118885
000000118889
000000118895
000000118904
000000118909
000000118916
000000118918
000000118920
000000118925
000000118927
000000118934
000000118936
000000118937
000000118950
000000118957
000000118960
000000118964
000000118968
000000118974
000000118976
000000118989
000000118994
000000118997
000000119002
000000119006
000000119015
000000119016
000000119021
000000119023
000000119027
000000119034
000000119036
000000119047
000000119053
000000119057
000000119065
000000119087
000000119093
000000119101
000000119108
000000119114
000000119115
000000119118
000000119124
000000119129
000000119139
000000119141
000000119145
000000119157
000000119169
000000119171
000000119187
000000119195
000000119199
000000119207
000000119214
000000119225
000000119244
000000119247
000000119248
000000119263
000000119267
000000119276
000000119283
000000119290
000000119292
000000119294
000000119297
000000119299
000000119304
000000119320
000000119333
000000119337
000000119353
000000119357
000000119358
000000119361
000000119370
000000119379
000000119384
000000119418
000000119419
000000119423
000000119428
000000119441
000000119443
000000119444
000000119449
000000119456
000000119458
000000119488
000000119492
000000119494
000000119495
000000119505
000000119521
000000119523
000000119525
000000119529
000000119534
000000119535
000000119536
000000119540
000000119543
000000119550
000000119551
000000119552
000000119555
000000119560
000000119561
000000119562
000000119571
000000119573
000000119579
000000119594
000000119596
000000119600
000000119604
000000119608
000000119614
000000119618
000000119621
000000119636
000000119647
000000119665
000000119666
000000119669
000000119678
000000119686
000000119693
000000119695
000000119706
000000119714
000000119718
000000119730
000000119743
000000119750
000000119751
000000119755
000000119760
000000119761
000000119765
000000119766
000000119776
000000119787
000000119798
000000119799
000000119805
000000119808
000000119815
000000119822
000000119827
000000119834
000000119837
000000119849
000000119854
000000119860
000000119868
000000119870
000000119882
000000119884
000000119891
000000119904
000000119909
000000119916
000000119922
000000119923
000000119938
000000119947
000000119953
000000119962
000000119966
000000119974
000000119979
000000119982
000000119993
000000119994
000000120006
000000120018
000000120032
000000120038
000000120044
000000120052
000000120059
000000120060
000000120067
000000120077
000000120088
000000120103
000000120108
000000120118
000000120120
000000120125
000000120127
000000120145
000000120147
000000120155
000000120159
000000120176
000000120178
000000120179
000000120181
000000120185
000000120188
000000120197
000000120207
000000120210
000000120224
000000120230
000000120241
000000120246
000000120247
000000120259
000000120274
000000120276
000000120320
000000120329
000000120333
000000120335
000000120360
000000120369
000000120370
000000120375
000000120376
000000120385
000000120399
000000120400
000000120407
000000120414
000000120416
000000120431
000000120447
000000120462
000000120466
000000120490
000000120491
000000120499
000000120511
000000120518
000000120520
000000120524
000000120529
000000120537
000000120541
000000120585
000000120595
000000120601
000000120613
000000120615
000000120642
000000120643
000000120644
000000120645
000000120655
000000120666
000000120670
000000120674
000000120676
000000120697
000000120703
000000120706
000000120717
000000120718
000000120721
000000120734
000000120737
000000120743
000000120744
000000120759
000000120778
000000120780
000000120782
000000120785
000000120790
000000120805
000000120811
000000120818
000000120819
000000120827
000000120836
000000120846
000000120858
000000120875
000000120882
000000120887
000000120907
000000120926
000000120939
000000120940
000000120952
000000120966
000000120969
000000120971
000000120987
000000120994
000000121000
000000121001
000000121018
000000121032
000000121040
000000121046
000000121047
000000121052
000000121056
000000121068
000000121083
000000121088
000000121101
000000121110
000000121116
000000121142
000000121167
000000121168
000000121172
000000121174
000000121181
000000121184
000000121193
000000121211
000000121219
000000121222
000000121226
000000121229
000000121232
000000121235
000000121237
000000121241
000000121249
000000121255
000000121263
000000121302
000000121316
000000121318
000000121322
000000121328
000000121333
000000121340
000000121344
000000121350
000000121351
000000121356
000000121358
000000121361
000000121363
000000121365
000000121366
000000121372
000000121393
000000121420
000000121441
000000121445
000000121446
000000121448
000000121452
000000121453
000000121454
000000121461
000000121472
000000121493
000000121521
000000121525
000000121526
000000121530
000000121535
000000121555
000000121556
000000121557
000000121559
000000121560
000000121562
000000121565
000000121575
000000121582
000000121589
000000121598
000000121599
000000121601
000000121602
000000121610
000000121612
000000121613
000000121615
000000121618
000000121619
000000121622
000000121644
000000121647
000000121649
000000121651
000000121659
000000121661
000000121665
000000121666
000000121676
000000121678
000000121682
000000121683
000000121690
000000121693
000000121706
000000121709
000000121718
000000121720
000000121731
000000121749
000000121754
000000121762
000000121769
000000121778
000000121779
000000121782
000000121785
000000121792
000000121795
000000121824
000000121841
000000121852
000000121857
000000121867
000000121869
000000121873
000000121879
000000121884
000000121891
000000121901
000000121902
000000121903
000000121920
000000121929
000000121931
000000121938
000000121943
000000121949
000000121951
000000121952
000000121954
000000121965
000000121977
000000121994
000000121997
000000122001
000000122017
000000122028
000000122029
000000122064
000000122073
000000122093
000000122097
000000122099
000000122105
000000122108
000000122109
000000122116
000000122117
000000122118
000000122123
000000122137
000000122142
000000122144
000000122147
000000122157
000000122163
000000122164
000000122182
000000122188
000000122189
000000122194
000000122196
000000122207
000000122216
000000122231
000000122235
000000122238
000000122250
000000122255
000000122259
000000122263
000000122264
000000122267
000000122274
000000122277
000000122303
000000122306
000000122335
000000122343
000000122350
000000122352
000000122355
000000122356
000000122357
000000122360
000000122362
000000122382
000000122394
000000122403
000000122405
000000122411
000000122415
000000122419
000000122421
000000122436
000000122438
000000122440
000000122453
000000122457
000000122459
000000122460
000000122469
000000122480
000000122493
000000122498
000000122511
000000122527
000000122537
000000122539
000000122551
000000122560
000000122563
000000122573
000000122583
000000122584
000000122586
000000122597
000000122605
000000122611
000000122631
000000122639
000000122653
000000122667
000000122682
000000122688
000000122694
000000122704
000000122709
000000122724
000000122726
000000122731
000000122750
000000122752
000000122763
000000122776
000000122780
000000122782
000000122786
000000122796
000000122798
000000122802
000000122811
000000122818
000000122834
000000122844
000000122854
000000122857
000000122863
000000122867
000000122874
000000122896
000000122899
000000122902
000000122908
000000122913
000000122916
000000122918
000000122923
000000122936
000000122937
000000122939
000000122945
000000122947
000000122948
000000122950
000000122952
000000122955
000000122959
000000122964
000000122973
000000122983
000000122998
000000123008
000000123013
000000123023
000000123028
000000123036
000000123038
000000123041
000000123055
000000123066
000000123067
000000123074
000000123083
000000123099
000000123117
000000123127
000000123142
000000123147
000000123155
000000123166
000000123172
000000123175
000000123177
000000123180
000000123184
000000123188
000000123190
000000123193
000000123201
000000123208
000000123214
000000123229
000000123247
000000123260
000000123262
000000123268
000000123269
000000123273
000000123282
000000123286
000000123298
000000123306
000000123310
000000123312
000000123330
000000123333
000000123336
000000123351
000000123359
000000123366
000000123371
000000123378
000000123382
000000123389
000000123411
000000123412
000000123413
000000123421
000000123444
000000123445
000000123453
000000123456
000000123457
000000123462
000000123473
000000123509
000000123512
000000123514
000000123523
000000123532
000000123535
000000123539
000000123544
000000123552
000000123558
000000123568
000000123579
000000123582
000000123612
000000123614
000000123620
000000123643
000000123646
000000123647
000000123664
000000123674
000000123692
000000123694
000000123697
000000123699
000000123711
000000123719
000000123721
000000123722
000000123731
000000123739
000000123749
000000123751
000000123753
000000123757
000000123762
000000123764
000000123765
000000123766
000000123770
000000123776
000000123777
000000123788
000000123791
000000123797
000000123799
000000123800
000000123824
000000123831
000000123835
000000123837
000000123841
000000123848
000000123851
000000123855
000000123862
000000123878
000000123891
000000123892
000000123901
000000123907
000000123909
000000123914
000000123916
000000123920
000000123921
000000123923
000000123935
000000123938
000000123939
000000123944
000000123949
000000123967
000000123968
000000123970
000000123974
000000123975
000000123980
000000123995
000000124027
000000124028
000000124030
000000124033
000000124052
000000124055
000000124057
000000124067
000000124069
000000124101
000000124106
000000124117
000000124122
000000124124
000000124132
000000124133
000000124141
000000124142
000000124152
000000124167
000000124169
000000124174
000000124178
000000124182
000000124188
000000124190
000000124197
000000124202
000000124224
000000124230
000000124235
000000124266
000000124280
000000124291
000000124306
000000124311
000000124316
000000124325
000000124331
000000124347
000000124349
000000124360
000000124364
000000124365
000000124367
000000124383
000000124394
000000124397
000000124408
000000124419
000000124428
000000124456
000000124466
000000124471
000000124473
000000124477
000000124501
000000124516
000000124525
000000124532
000000124562
000000124567
000000124569
000000124571
000000124577
000000124578
000000124580
000000124591
000000124593
000000124606
000000124609
000000124615
000000124622
000000124643
000000124652
000000124663
000000124694
000000124703
000000124709
000000124711
000000124715
000000124718
000000124723
000000124728
000000124732
000000124734
000000124736
000000124737
000000124739
000000124747
000000124751
000000124764
000000124765
000000124786
000000124795
000000124800
000000124804
000000124805
000000124811
000000124812
000000124815
000000124824
000000124827
000000124829
000000124834
000000124835
000000124836
000000124840
000000124841
000000124850
000000124859
000000124861
000000124874
000000124880
000000124889
000000124893
000000124899
000000124903
000000124907
000000124914
000000124924
000000124926
000000124931
000000124934
000000124935
000000124955
000000124970
000000124992
000000124994
000000125015
000000125036
000000125038
000000125042
000000125056
000000125063
000000125077
000000125091
000000125098
000000125109
000000125115
000000125116
000000125117
000000125118
000000125120
000000125125
000000125128
000000125135
000000125142
000000125168
000000125180
000000125184
000000125188
000000125193
000000125213
000000125218
000000125227
000000125230
000000125234
000000125244
000000125247
000000125252
000000125259
000000125262
000000125263
000000125266
000000125270
000000125273
000000125275
000000125298
000000125305
000000125311
000000125313
000000125316
000000125317
000000125321
000000125335
000000125341
000000125348
000000125350
000000125351
000000125352
000000125353
000000125365
000000125374
000000125377
000000125380
000000125390
000000125394
000000125407
000000125429
000000125432
000000125438
000000125452
000000125464
000000125466
000000125468
000000125473
000000125494
000000125499
000000125503
000000125512
000000125541
000000125548
000000125550
000000125552
000000125555
000000125567
000000125575
000000125585
000000125586
000000125597
000000125598
000000125603
000000125616
000000125626
000000125633
000000125639
000000125652
000000125658
000000125662
000000125667
000000125672
000000125683
000000125684
000000125686
000000125687
000000125689
000000125690
000000125693
000000125694
000000125699
000000125703
000000125711
000000125718
000000125720
000000125724
000000125725
000000125727
000000125729
000000125735
000000125746
000000125761
000000125769
000000125773
000000125774
000000125785
000000125814
000000125817
000000125821
000000125822
000000125836
000000125840
000000125845
000000125848
000000125859
000000125860
000000125872
000000125882
000000125898
000000125908
000000125910
000000279647
000000279648
000000279661
000000279672
000000279689
000000279693
000000279697
000000279708
000000279710
000000279726
000000279733
000000279747
000000279749
000000279753
000000279762
000000279763
000000279764
000000279775
000000279777
000000279780
000000279787
000000279803
000000279804
000000279810
000000279816
000000279829
000000279831
000000279837
000000279844
000000279848
000000279849
000000279871
000000279881
000000279882
000000279883
000000279899
000000279909
000000279916
000000279917
000000279920
000000279929
000000279931
000000279934
000000279935
000000279939
000000279941
000000279946
000000279947
000000279957
000000279961
000000279978
000000279986
000000279990
000000279997
000000280018
000000280020
000000280023
000000280024
000000280043
000000280047
000000280051
000000280059
000000280062
000000280068
000000280069
000000280084
000000280087
000000280094
000000280112
000000280119
000000280122
000000280123
000000280132
000000280133
000000280156
000000280157
000000280158
000000280160
000000280169
000000280176
000000280177
000000280187
000000280189
000000280191
000000280199
000000280206
000000280215
000000280216
000000280220
000000280224
000000280228
000000280235
000000280236
000000280241
000000280249
000000280254
000000280257
000000280260
000000280266
000000280267
000000280270
000000280291
000000280297
000000280302
000000280307
000000280310
000000280324
000000280331
000000280338
000000280339
000000280340
000000280354
000000280368
000000280377
000000280396
000000280409
000000280420
000000280422
000000280423
000000280429
000000280437
000000280442
000000280450
000000280454
000000280469
000000280473
000000280484
000000280490
000000280494
000000280505
000000280508
000000280540
000000280551
000000280554
000000280556
000000280589
000000280596
000000280599
000000280622
000000280641
000000280642
000000280643
000000280651
000000280666
000000280670
000000280674
000000280702
000000280721
000000280731
000000280740
000000280758
000000280764
000000280765
000000280767
000000280770
000000280778
000000280787
000000280788
000000280799
000000280804
000000280805
000000280808
000000280814
000000280823
000000280829
000000280833
000000280838
000000280839
000000280847
000000280850
000000280852
000000280866
000000280873
000000280876
000000280883
000000280898
000000280908
000000280913
000000280923
000000280926
000000280941
000000280942
000000280951
000000280955
000000280959
000000280968
000000280971
000000280980
000000280988
000000280990
000000280995
000000280999
000000281003
000000281005
000000281014
000000281021
000000281027
000000281029
000000281034
000000281038
000000281051
000000281052
000000281054
000000281060
000000281066
000000281080
000000281085
000000281091
000000281103
000000281105
000000281108
000000281112
000000281121
000000281122
000000281125
000000281127
000000281131
000000281133
000000281134
000000281158
000000281160
000000281161
000000281164
000000281168
000000281176
000000281177
000000281180
000000281181
000000281191
000000281194
000000281196
000000281207
000000281210
000000281213
000000281214
000000281215
000000281217
000000281224
000000281227
000000281230
000000281237
000000281246
000000281262
000000281267
000000281273
000000281280
000000281281
000000281285
000000281288
000000281293
000000281301
000000281302
000000281323
000000281327
000000281330
000000281339
000000281351
000000281355
000000281358
000000281371
000000281382
000000281385
000000281394
000000281406
000000281427
000000281431
000000281442
000000281461
000000281464
000000281488
000000281495
000000281496
000000281498
000000281502
000000281503
000000281505
000000281557
000000281562
000000281563
000000281564
000000281567
000000281575
000000281578
000000281581
000000281583
000000281586
000000281595
000000281599
000000281615
000000281617
000000281631
000000281632
000000281634
000000281646
000000281650
000000281652
000000281656
000000281663
000000281665
000000281674
000000281678
000000281700
000000281701
000000281713
000000281718
000000281721
000000281742
000000281743
000000281745
000000281748
000000281756
000000281763
000000281764
000000281772
000000281774
000000281779
000000281789
000000281790
000000281815
000000281818
000000281835
000000281840
000000281846
000000281850
000000281855
000000281887
000000281888
000000281891
000000281900
000000281906
000000281910
000000281917
000000281920
000000281922
000000281943
000000281952
000000281957
000000281959
000000281961
000000281970
000000281994
000000281996
000000281997
000000282002
000000282006
000000282009
000000282015
000000282027
000000282032
000000282039
000000282042
000000282045
000000282048
000000282067
000000282069
000000282070
000000282076
000000282097
000000282099
000000282115
000000282129
000000282131
000000282137
000000282142
000000282147
000000282158
000000282173
000000282186
000000282190
000000282197
000000282198
000000282208
000000282209
000000282220
000000282221
000000282228
000000282234
000000282238
000000282239
000000282252
000000282257
000000282264
000000282279
000000282283
000000282286
000000282293
000000282310
000000282316
000000282329
000000282339
000000282343
000000282349
000000282351
000000282354
000000282357
000000282359
000000282368
000000282372
000000282377
000000282380
000000282385
000000282406
000000282415
000000282419
000000282425
000000282428
000000282431
000000282440
000000282442
000000282444
000000282450
000000282456
000000282464
000000282466
000000282471
000000282473
000000282479
000000282482
000000282485
000000282503
000000282514
000000282515
000000282523
000000282527
000000282552
000000282557
000000282558
000000282564
000000282565
000000282566
000000282567
000000282568
000000282572
000000282574
000000282579
000000282583
000000282590
000000282599
000000282603
000000282617
000000282624
000000282631
000000282661
000000282667
000000282669
000000282670
000000282671
000000282675
000000282679
000000282691
000000282692
000000282694
000000282703
000000282706
000000282707
000000282708
000000282720
000000282730
000000282733
000000282737
000000282738
000000282766
000000282771
000000282773
000000282776
000000282782
000000282789
000000282791
000000282793
000000282803
000000282812
000000282828
000000282834
000000282835
000000282840
000000282843
000000282855
000000282868
000000282879
000000282883
000000282889
000000282894
000000282899
000000282900
000000282901
000000282926
000000282930
000000282934
000000282943
000000282946
000000282949
000000282952
000000282957
000000282978
000000282981
000000282982
000000282987
000000282994
000000282998
000000283004
000000283018
000000283019
000000283043
000000283045
000000283059
000000283093
000000283107
000000283111
000000283122
000000283125
000000283129
000000283138
000000283139
000000283141
000000283144
000000283170
000000283171
000000283180
000000283181
000000283188
000000283196
000000283199
000000283208
000000283213
000000283220
000000283237
000000283240
000000283246
000000283257
000000283263
000000283267
000000283269
000000283278
000000283279
000000283294
000000283303
000000283309
000000283312
000000283316
000000283323
000000283329
000000283333
000000283350
000000283355
000000283377
000000283382
000000283383
000000283388
000000283393
000000283403
000000283405
000000283408
000000283426
000000283431
000000283445
000000283448
000000283451
000000283454
000000283456
000000283475
000000283476
000000283479
000000283484
000000283485
000000283500
000000283502
000000283524
000000283530
000000283534
000000283545
000000283548
000000283557
000000283573
000000283583
000000283584
000000283586
000000283589
000000283600
000000283604
000000283611
000000283615
000000283617
000000283618
000000283620
000000283624
000000283629
000000283631
000000283632
000000283638
000000283648
000000283650
000000283658
000000283666
000000283673
000000283678
000000283679
000000283682
000000283697
000000283700
000000283704
000000283715
000000283720
000000283728
000000283729
000000283730
000000283734
000000283750
000000283753
000000283757
000000283766
000000283780
000000283790
000000283803
000000283809
000000283814
000000283818
000000283825
000000283835
000000283840
000000283859
000000283863
000000283867
000000283868
000000283870
000000283875
000000283884
000000283885
000000283888
000000283891
000000283896
000000283912
000000283913
000000283916
000000283921
000000283937
000000283942
000000283955
000000283956
000000283957
000000283960
000000283961
000000283965
000000283968
000000283970
000000283982
000000283985
000000283996
000000283999
000000284001
000000284002
000000284008
000000284010
000000284012
000000284014
000000284018
000000284020
000000284021
000000284025
000000284047
000000284056
000000284070
000000284084
000000284088
000000284089
000000284098
000000284111
000000284118
000000284127
000000284131
000000284133
000000284144
000000284147
000000284148
000000284150
000000284155
000000284170
000000284176
000000284192
000000284195
000000284218
000000284233
000000284246
000000284247
000000284252
000000284256
000000284259
000000284274
000000284290
000000284297
000000284307
000000284310
000000284324
000000284329
000000284333
000000284336
000000284338
000000284340
000000284342
000000284348
000000284349
000000284355
000000284362
000000284366
000000284373
000000284383
000000284386
000000284406
000000284418
000000284448
000000284454
000000284461
000000284464
000000284468
000000284469
000000284472
000000284493
000000284494
000000284498
000000284507
000000284510
000000284527
000000284529
000000284536
000000284540
000000284543
000000284545
000000284551
000000284568
000000284578
000000284582
000000284583
000000284599
000000284639
000000284644
000000284649
000000284651
000000284652
000000284664
000000284667
000000284670
000000284676
000000284680
000000284684
000000284686
000000284691
000000284701
000000284703
000000284706
000000284722
000000284732
000000284756
000000284758
000000284759
000000284765
000000284768
000000284770
000000284778
000000284783
000000284794
000000284805
000000284814
000000284817
000000284818
000000284824
000000284831
000000284835
000000284843
000000284846
000000284861
000000284863
000000284867
000000284873
000000284884
000000284886
000000284888
000000284893
000000284901
000000284902
000000284910
000000284911
000000284914
000000284920
000000284925
000000284930
000000284932
000000284934
000000284940
000000284950
000000284955
000000284956
000000284960
000000284964
000000284979
000000284987
000000284989
000000284993
000000284994
000000285000
000000285002
000000285013
000000285018
000000285019
000000285022
000000285023
000000285024
000000285037
000000285041
000000285042
000000285045
000000285046
000000285059
000000285064
000000285074
000000285076
000000285091
000000285093
000000285099
000000285115
000000285130
000000285131
000000285132
000000285138
000000285149
000000285170
000000285180
000000285194
000000285195
000000285214
000000285217
000000285220
000000285236
000000285249
000000285253
000000285254
000000285257
000000285260
000000285263
000000285285
000000285292
000000285296
000000285299
000000285307
000000285323
000000285332
000000285342
000000285353
000000285355
000000285357
000000285358
000000285360
000000285376
000000285395
000000285397
000000285399
000000285400
000000285405
000000285417
000000285448
000000285450
000000285457
000000285460
000000285470
000000285473
000000285477
000000285478
000000285484
000000285486
000000285488
000000285493
000000285498
000000285499
000000285512
000000285526
000000285529
000000285548
000000285550
000000285562
000000285563
000000285570
000000285571
000000285579
000000285588
000000285600
000000285603
000000285605
000000285612
000000285618
000000285628
000000285629
000000285634
000000285639
000000285647
000000285649
000000285667
000000285678
000000285679
000000285686
000000285691
000000285696
000000285697
000000285699
000000285705
000000285710
000000285729
000000285740
000000285743
000000285748
000000285755
000000285784
000000285800
000000285804
000000285808
000000285810
000000285811
000000285817
000000285821
000000285825
000000285826
000000285841
000000285851
000000285864
000000285877
000000285883
000000285890
000000285891
000000285893
000000285897
000000285910
000000285911
000000285913
000000285914
000000285927
000000285938
000000285958
000000285963
000000285965
000000285978
000000285990
000000285998
000000286000
000000286009
000000286012
000000286013
000000286016
000000286019
000000286022
000000286033
000000286042
000000286044
000000286051
000000286058
000000286061
000000286064
000000286081
000000286083
000000286092
000000286100
000000286101
000000286116
000000286120
000000286129
000000286132
000000286137
000000286138
000000286141
000000286144
000000286149
000000286151
000000286153
000000286157
000000286159
000000286162
000000286166
000000286171
000000286174
000000286181
000000286186
000000286190
000000286204
000000286212
000000286227
000000286233
000000286234
000000286247
000000286248
000000286254
000000286259
000000286279
000000286284
000000286292
000000286302
000000286306
000000286310
000000286328
000000286336
000000286348
000000286349
000000286359
000000286368
000000286376
000000286382
000000286386
000000286388
000000286406
000000286411
000000286414
000000286425
000000286429
000000286430
000000286439
000000286442
000000286469
000000286471
000000286482
000000286483
000000286484
000000286490
000000286492
000000286499
000000286511
000000286519
000000286521
000000286525
000000286530
000000286537
000000286550
000000286554
000000286564
000000286569
000000286575
000000286576
000000286594
000000286611
000000286613
000000286614
000000286619
000000286632
000000286639
000000286645
000000286656
000000286673
000000286678
000000286685
000000286688
000000286690
000000286692
000000286696
000000286698
000000286700
000000286702
000000286703
000000286704
000000286720
000000286724
000000286742
000000286745
000000286751
000000286753
000000286764
000000286773
000000286787
000000286792
000000286793
000000286802
000000286816
000000286823
000000286860
000000286862
000000286870
000000286874
000000286876
000000286877
000000286886
000000286888
000000286892
000000286897
000000286899
000000286910
000000286912
000000286914
000000286925
000000286930
000000286931
000000286932
000000286936
000000286939
000000286953
000000286961
000000286962
000000286973
000000286998
000000287003
000000287006
000000287024
000000287025
000000287027
000000287029
000000287038
000000287039
000000287041
000000287044
000000287049
000000287062
000000287084
000000287094
000000287095
000000287098
000000287105
000000287108
000000287117
000000287119
000000287136
000000287140
000000287161
000000287167
000000287173
000000287187
000000287188
000000287197
000000287201
000000287210
000000287213
000000287221
000000287223
000000287228
000000287232
000000287233
000000287234
000000287236
000000287239
000000287245
000000287249
000000287253
000000287265
000000287270
000000287289
000000287299
000000287302
000000287303
000000287304
000000287308
000000287310
000000287312
000000287322
000000287324
000000287330
000000287337
000000287341
000000287360
000000287361
000000287364
000000287369
000000287372
000000287374
000000287384
000000287386
000000287388
000000287399
000000287400
000000287406
000000287407
000000287415
000000287418
000000287422
000000287427
000000287434
000000287437
000000287449
000000287466
000000287474
000000287488
000000287494
000000287495
000000287496
000000287503
000000287507
000000287509
000000287512
000000287519
000000287528
000000287531
000000287541
000000287565
000000287567
000000287568
000000287572
000000287575
000000287578
000000287585
000000287590
000000287601
000000287608
000000287639
000000287651
000000287656
000000287659
000000287666
000000287682
000000287695
000000287716
000000287718
000000287723
000000287735
000000287737
000000287760
000000287767
000000287774
000000287781
000000287782
000000287792
000000287794
000000287804
000000287831
000000287833
000000287839
000000287841
000000287842
000000287849
000000287854
000000287867
000000287870
000000287872
000000287875
000000287877
000000287881
000000287884
000000287886
000000287890
000000287900
000000287903
000000287904
000000287907
000000287920
000000287922
000000287927
000000287934
000000287953
000000287958
000000287960
000000287962
000000287974
000000287988
000000287998
000000288014
000000288015
000000288018
000000288021
000000288023
000000288025
000000288026
000000288032
000000288039
000000288052
000000288054
000000288055
000000288061
000000288099
000000288106
000000288115
000000288117
000000288119
000000288123
000000288127
000000288156
000000288157
000000288164
000000288169
000000288171
000000288176
000000288180
000000288187
000000288194
000000288204
000000288215
000000288219
000000288223
000000288227
000000288234
000000288236
000000288246
000000288259
000000288262
000000288263
000000288267
000000288268
000000288274
000000288275
000000288278
000000288283
000000288310
000000288317
000000288344
000000288347
000000288358
000000288372
000000288379
000000288383
000000288397
000000288411
000000288416
000000288421
000000288440
000000288450
000000288451
000000288453
000000288471
000000288472
000000288478
000000288486
000000288504
000000288506
000000288507
000000288513
000000288519
000000288544
000000288547
000000288548
000000288556
000000288559
000000288560
000000288569
000000288578
000000288580
000000288586
000000288589
000000288600
000000288602
000000288607
000000288609
000000288610
000000288627
000000288642
000000288649
000000288650
000000288651
000000288654
000000288659
000000288662
000000288664
000000288683
000000288691
000000288694
000000288700
000000288703
000000288707
000000288712
000000288713
000000288721
000000288723
000000288724
000000288733
000000288737
000000288739
000000288751
000000288753
000000288761
000000288770
000000288794
000000288797
000000288805
000000288813
000000288814
000000288825
000000288827
000000288828
000000288836
000000288841
000000288846
000000288848
000000288852
000000288853
000000288872
000000288880
000000288889
000000288905
000000288906
000000288921
000000288941
000000288943
000000288948
000000288964
000000288975
000000288982
000000288984
000000288985
000000288986
000000289004
000000289005
000000289007
000000289012
000000289019
000000289024
000000289027
000000289030
000000289031
000000289033
000000289034
000000289040
000000289057
000000289058
000000289061
000000289067
000000289075
000000289095
000000289097
000000289100
000000289107
000000289140
000000289147
000000289154
000000289158
000000289169
000000289170
000000289187
000000289192
000000289197
000000289199
000000289204
000000289211
000000289212
000000289213
000000289223
000000289231
000000289236
000000289238
000000289242
000000289245
000000289248
000000289255
000000289275
000000289276
000000289282
000000289293
000000289312
000000289326
000000289329
000000289332
000000289333
000000289338
000000289341
000000289342
000000289344
000000289352
000000289354
000000289357
000000289367
000000289381
000000289382
000000289410
000000289425
000000289428
000000289460
000000289471
000000289482
000000289490
000000289492
000000289507
000000289510
000000289514
000000289515
000000289532
000000289535
000000289545
000000289561
000000289569
000000289575
000000289583
000000289591
000000289621
000000289644
000000289654
000000289658
000000289660
000000289662
000000289663
000000289677
000000289682
000000289684
000000289689
000000289690
000000289693
000000289696
000000289698
000000289699
000000289703
000000289738
000000289739
000000289740
000000289746
000000289751
000000289758
000000289766
000000289767
000000289778
000000289782
000000289790
000000289791
000000289795
000000289797
000000289805
000000289807
000000289814
000000289816
000000289821
000000289833
000000289845
000000289846
000000289852
000000289861
000000289862
000000289864
000000289866
000000289871
000000289894
000000289895
000000289901
000000289912
000000289915
000000289919
000000289920
000000289962
000000289966
000000289968
000000289971
000000289972
000000289987
000000290010
000000290024
000000290034
000000290047
000000290062
000000290072
000000290080
000000290098
000000290106
000000290110
000000290114
000000290122
000000290136
000000290137
000000290144
000000290147
000000290153
000000290168
000000290174
000000290175
000000290183
000000290185
000000290189
000000290192
000000290201
000000290204
000000290215
000000290224
000000290246
000000290259
000000290260
000000290262
000000290265
000000290276
000000290285
000000290305
000000290314
000000290318
000000290320
000000290331
000000290332
000000290350
000000290354
000000290361
000000290370
000000290378
000000290379
000000290395
000000290398
000000290400
000000290403
000000290410
000000290412
000000290415
000000290420
000000290422
000000290423
000000290425
000000290428
000000290436
000000290437
000000290449
000000290452
000000290457
000000290460
000000290482
000000290485
000000290489
000000290498
000000290511
000000290522
000000290524
000000290543
000000290544
000000290549
000000290560
000000290563
000000290566
000000290578
000000290584
000000290597
000000290600
000000290608
000000290620
000000290623
000000290628
000000290645
000000290652
000000290656
000000290658
000000290668
000000290676
000000290678
000000290690
000000290693
000000290705
000000290708
000000290718
000000290719
000000290720
000000290724
000000290753
000000290754
000000290761
000000290767
000000290774
000000290775
000000290782
000000290804
000000290812
000000290846
000000290849
000000290856
000000290864
000000290866
000000290889
000000290898
000000290899
000000290911
000000290935
000000290938
000000290941
000000290942
000000290946
000000290952
000000290962
000000290965
000000290967
000000290969
000000290974
000000291004
000000291009
000000291016
000000291018
000000291019
000000291039
000000291059
000000291066
000000291072
000000291091
000000291098
000000291102
000000291107
000000291114
000000291117
000000291126
000000291140
000000291141
000000291158
000000291165
000000291182
000000291189
000000291194
000000291201
000000291206
000000291207
000000291214
000000291236
000000291260
000000291262
000000291269
000000291280
000000291285
000000291290
000000291319
000000291320
000000291321
000000291333
000000291345
000000291347
000000291348
000000291349
000000291355
000000291366
000000291373
000000291390
000000291402
000000291410