000000000009
000000000025
000000000030
000000000034
000000000036
000000000049
000000000061
000000000064
000000000071
000000000072
000000000077
000000000078
000000000081
000000000086
000000000089
000000000092
000000000094
000000000109
000000000110
000000000113
000000000127
000000000138
000000000142
000000000144
000000000149
000000000151
000000000154
000000000165
000000000194
000000000201
000000000247
000000000260
000000000263
000000000307
000000000308
000000000309
000000000312
000000000315
000000000321
000000000322
000000000326
000000000332
000000000349
000000000368
000000000370
000000000382
000000000384
000000000389
000000000394
000000000404
000000000419
000000000431
000000000436
000000000438
000000000443
000000000446
000000000450
000000000471
000000000490
000000000491
000000000510
000000000514
000000000529
000000000531
000000000532
000000000540
000000000542
000000000560
000000000562
000000000572
000000000575
000000000581
000000000584
000000000595
000000000597
000000000605
000000000612
000000000620
000000000625
000000000629
000000000634
000000000643
000000000650
000000000656
000000000659
000000000670
000000000671
000000000673
000000000681
000000000684
000000000690
000000000706
000000000714
000000000716
000000000722
000000000723
000000000731
000000000735
000000000753
000000000754